-0.11885597277897178,-0.014924647922636303,-0.6980708241211082
-0.08337231155216421,-0.01939674580846558,-0.40127945389028136
-0.0562643451758563,-0.023855549172411752,-0.09630715630108222
-0.06743111635234891,-0.023087151379158028,0.2192137319254186
-0.08481986884325576,-0.0246740239465386,0.5422600495577068
-0.051540941007937185,-0.020990042153339886,0.8785824499962569
-0.07803564872025105,-0.034392991290771904,1.2330278362410332
-0.04291096301331541,-0.029930367411418864,1.5915215689973885
-0.12448725615223175,-0.022498896226717552,1.9557214101117764
-0.18745740634244984,-0.03835079705328724,2.335958668637295
-0.1542298957803443,-0.04219155847862856,1.9426991816076
-0.07683006178851146,-0.029385169200412065,1.54770753743963
0.006365352463418031,-0.014659532483164442,1.138870540044567
0.08832801803426409,-0.01219345646487646,0.7179342768473297
0.1834680305658313,-0.00510274351293379,0.2855380562831503
0.11359222643393957,-0.003315000123604146,0.7332847394957287
0.026976477903325455,-0.01225140360769969,1.1939886479870079
-0.07075949034417633,-0.013017504461000043,1.6661549324864682
-0.23945942106875556,-0.03156815927713165,2.139300980748857
-0.3496847483613494,-0.04369112047174725,2.631843462273613
-0.4318224218055883,-0.052184374347629084,3.1507351466334788
-0.5701970903453888,-0.07521186734731702,3.668092903587734
-0.6635855466963867,-0.07613159689966574,4.210111546909059
-0.8378420822461079,-0.09579438088630421,4.742576286384748
-0.8857166478608165,-0.10289774045871554,5.309416583350293
-1.0580128492494465,-0.1157154287681696,5.864025109149222
-1.2223007747482666,-0.1425345579103282,6.429666207027823
-1.465292052636943,-0.19604007440060833,6.983216669698923
-1.66759510155616,-0.21869934013700582,7.564670811158312
-1.8604189573305925,-0.2480278466445881,8.164019662065122
-2.0551786676064383,-0.29272123248452364,8.774879344822335
-2.299789436624217,-0.3273277330538942,9.383001254469047
-2.52354638729853,-0.3788119274043678,10.011521763264923
-2.7761571104639646,-0.43933529191497434,10.643623728791974
-3.030776694458088,-0.4971330888115312,11.3067437685709
-3.2691602715151977,-0.5449413663460555,11.952688013297433
-3.5271132212099205,-0.6127398809888366,12.621568621466771
-3.8835971728131384,-0.6837751418840721,13.262496745567987
-4.161848355731151,-0.7564473708739575,13.952710344285554
-4.408563873809255,-0.8189655172390907,14.671178154239822
-4.700789614727157,-0.8878538392074142,15.381314797053282
-4.97573144353591,-0.9576570976532994,16.11672648789021
-5.299108366067,-1.02648078224952,16.839000819981504
-5.653247778547532,-1.0871396253319883,17.5785156358634
-5.984776780794476,-1.1696774242884609,18.310841287935325
-6.349412837985703,-1.2477499044411535,19.050692580536644
-6.694066945538285,-1.2874043033263902,19.80715399998987
-7.053285077885171,-1.345368695500887,20.568129474652523
-7.406196028542506,-1.4007727768279752,21.340473952756977
-7.786836885643975,-1.4612046593412473,22.1140559736526
-8.136814903800307,-1.5352498513574846,22.908576115932608
-8.525753567474327,-1.6086997891099288,23.703867960420297
-8.981767779108129,-1.6749087996886365,24.475719077606886
-9.41666511311859,-1.7339105017305312,25.271190451381425
-9.919137151804296,-1.7850575381785516,26.038306214149088
-10.372315085557203,-1.8510521462781198,26.846290734424837
-10.838452691508655,-1.9071063624771254,27.66302182102566
-11.328249620178486,-1.960730831925953,28.480977620223836
-11.836433143647364,-2.038111239649701,29.30274032599738
-12.249221052987618,-2.098849660575214,30.18349342982954
-12.800471429961494,-2.1807749999105295,31.02268646660055
-13.308753292561013,-2.231990098452557,31.91084984283135
-13.821749836767278,-2.282182902394084,32.80313710390478
-14.364749800157604,-2.3522610764905787,33.69127204054977
-14.892532694585958,-2.4013133375882263,34.60304004926637
-15.418442501649649,-2.476899267676188,35.52498334410124
-16.000951024755306,-2.566284569589063,36.41773494024386
-16.562031865616305,-2.6299490078671064,37.32835587041923
-17.067329902090812,-2.71121962948969,38.2669657558653
-17.624154021092888,-2.782809313857916,39.175286649960896
-18.198044279491945,-2.82554549163679,40.07137171905172
-18.817993565731935,-2.892848019806089,40.948601064865315
-19.413975042556554,-2.9647282102455357,41.84179371415679
-20.022619589870068,-3.0355116330913887,42.73025268496003
-20.628566245867287,-3.10806187749645,43.61516112422567
-21.26863717972744,-3.1960216006692033,44.46316122942363
-21.874704347444915,-3.2555857653452365,45.332873999290996
-22.49644512661411,-3.352961901318719,46.184392722755106
-23.141668146833872,-3.4098903941369723,47.03303605755951
-23.775670750326654,-3.487348816863821,47.89287566995127
-24.421450975165946,-3.563584711269138,48.75095939899334
-25.070596252300014,-3.6414117171621943,49.6053553749812
-25.74111461228084,-3.6984673472976173,50.44465070148283
-26.359037210707978,-3.771136296524808,51.32601166479596
-27.014146514865025,-3.8341153590728227,52.17416583699371
-27.71210677143442,-3.8981855338946847,53.002831400986736
-28.36071042465842,-3.9824298474523436,53.85408326511784
-29.03763176979352,-4.054920485780657,54.695314506254455
-29.77313745378403,-4.141334295601127,55.488119865632754
-30.467080521524835,-4.218618297409267,56.3261797673695
-31.173849543968203,-4.305419101606923,57.15469871236357
-31.890175578177214,-4.3926688850976685,57.97879647337934
-32.614684216392995,-4.475910066863915,58.818905219143765
-33.37638626900279,-4.541222243145433,59.62201239429748
-34.14120402476057,-4.653100413234137,60.39863431604335
-34.92448950022923,-4.749839269569014,61.184554109253085
-35.6501988048049,-4.83174137495703,62.02868531607422
-36.43387134500565,-4.9308665466049675,62.83125860828501
-37.232033917572636,-5.005548387625199,63.62782410338198
-38.04294993188046,-5.083730960047414,64.42649212842964
-38.85239684837606,-5.179202406400478,65.22312549736859
-39.68801504515094,-5.263628362037129,65.99910432712718
-40.53893754406793,-5.367699834918749,66.76023377281571
-41.379248364739055,-5.455606841499888,67.54281271627953
-42.223906520437154,-5.547752693134839,68.33055619202729
-43.09329356733312,-5.63111279823541,69.10069868336713
-43.98661304515752,-5.702527707150113,69.85193089418162
-44.86582977390875,-5.797823720564223,70.61841036390756
-45.735007693424656,-5.885030544456274,71.39738671371329
-46.62144198839301,-5.962471633307164,72.17924543108975
-47.55145822585294,-6.066658138939021,72.91482802083077
-48.448124278345375,-6.1799725089936395,73.69106567179067
-49.36440912723779,-6.277429526430067,74.45041181179705
-50.260916522002326,-6.393509489636179,75.24618421988279
-51.11510798638149,-6.506961280800258,76.08400145441813
-52.07404351402698,-6.657614620749075,76.80448568822587
-52.988139328425255,-6.791438867989704,77.5970361247755
-52.07967601717545,-6.687345918448852,76.78551103104769
-53.09154530175954,-6.823667320068894,77.46214723150966
-52.10781180559224,-6.69016855879764,76.74185126567443
-51.11927022624006,-6.557629679740411,76.02159154506656
-52.17491389799149,-6.685077810059171,76.64989291548478
-53.207676442102084,-6.814957118652433,77.31933685221551
-54.29076687261147,-6.966590726642394,77.91171373786851
-55.31614445959221,-7.1038599114067305,78.60537916140905
-56.34886719610992,-7.2750384241608534,79.28497523949636
-57.44493675072786,-7.406166759708335,79.88333548203939
-58.46392811515861,-7.5597384703284,80.59162445156862
-59.544221467773205,-7.698091322425563,81.2370372852877
-60.641451944378794,-7.8461584680542575,81.8558246225549
-61.747133563169065,-7.986826921940568,82.468629652622
-62.83005307352155,-8.117775635613373,83.12480186819452
-63.95001075881853,-8.24072754666165,83.7133281939904
-65.07834267922813,-8.346940311744694,84.29744345408825
-66.21578167879976,-8.493560139937324,84.85265698214324
-67.33058403928135,-8.655590458354917,85.45510673900864
-68.47445669979778,-8.829854269292557,85.97039806894689
-69.65730397046113,-8.95484745158747,86.42292933017978
-70.82990415003256,-9.131983911031,86.9843956975838
-71.93765590218584,-9.285679127568418,87.4675600069609
-73.01419565432633,-9.50006234351108,88.0755446353746
-74.11498417058895,-9.648978244857714,88.64888466603655
-75.2035052945352,-9.867943757467975,89.21765906881069
-76.35051682557061,-10.000559024814406,89.65950530968469
-77.4354610531212,-10.164283860250714,90.1786260270665
-78.51991388284327,-10.332481579524309,90.67137261124537
-79.58789802156568,-10.473342071531393,91.19846548941094
-80.6195635106985,-10.644160273785225,91.76327929965913
-81.67860617468483,-10.791047931765,92.25532066749922
-82.73066911695913,-10.957428974846222,92.72308904572219
-83.75974342164969,-11.090269975166784,93.22473920246436
-84.80760753122993,-11.243492261341178,93.64659103616202
-85.8479206157481,-11.429502667965666,94.05717915085688
-86.8590952995691,-11.556791390480392,94.53919391486734
-87.84709388436184,-11.684610179968429,95.06380761374525
-88.85105446571617,-11.853700258454435,95.53341038696986
-89.85025901904712,-12.002423325360416,96.00794936799966
-90.83920274953843,-12.146339155737483,96.49799319173157
-91.82316101173123,-12.269778770299492,96.99450944788367
-92.73829533084961,-12.340581573451619,97.60287991833202
-93.67171388733767,-12.456567028727491,98.16729357429472
-94.64970165577748,-12.588911327386956,98.6380214689371
-95.57647668077718,-12.709671172972032,99.21240774691654
-96.5284441707141,-12.841282857267366,99.74052149674714
-97.3976717050874,-12.990461186545096,100.38557204799191
-98.22372806239557,-13.124222664620275,101.07893821181439
-99.10487728771344,-13.249615955491977,101.69555689278837
-99.97723663560814,-13.365652537042326,102.29526062796339
-100.85893026653089,-13.489981129608916,102.86445374313664
-101.71867135421499,-13.62078090845401,103.453537947985
-102.57071698586104,-13.745226670519106,104.04123151294628
-103.34837023673535,-13.87278290726614,104.71296369638813
-104.16820813987016,-13.975211553017676,105.31294184266764
-104.93160694308436,-14.085055505494019,105.97118821429113
-105.66653467433866,-14.170249558113033,106.64927300370302
-106.40078976339494,-14.26136154879464,107.31404161145232
-107.11676341427899,-14.369335374443436,107.98693442358106
-107.80485026336851,-14.483400363868071,108.67528293000612
-108.480996340708,-14.58375249583513,109.36458714013985
-109.17222385948607,-14.688401936513236,110.02483123276748
-109.8333782037577,-14.779904400620175,110.70524267051164
-110.5142148787948,-14.851740226882981,111.35500735752498
-111.13416113442815,-14.940473317980729,112.02833008220493
-111.74307353862292,-15.046981587469194,112.70106963318162
-112.34715188272065,-15.121342192880638,113.35082979520679
-112.92071214092384,-15.184094351875054,114.02349002418678
-113.48074791260453,-15.256851483594227,114.69285267224986
-114.06679863956302,-15.333604218401636,115.33948526656522
-114.61699111169118,-15.406234632305878,116.00841954150528
-115.10228322708137,-15.473235753742491,116.69400718387229
-115.60180033785572,-15.517851280082061,117.3762384342215
-116.08975014142598,-15.584549713835141,118.05931041478478
-116.57802993735253,-15.647096228744012,118.74612135526452
-116.99722184595967,-15.714981085054234,119.46941276136722
-117.46390587686282,-15.773691120655865,120.16629592418552
-117.92080046480935,-15.834290840651304,120.86971208972457
-118.44540862221615,-15.899389270036277,121.52004442636013
-118.9402325903413,-15.947243110445292,122.19185272299464
-119.34632957744059,-15.99757407715879,122.92359158553958
-119.78031671790606,-16.05663770149308,123.65560626830974
-120.19700981511387,-16.120191043958616,124.36611677139945
-120.61988889975908,-16.177222801977663,125.09546028329689
-120.97977659111099,-16.208437364434687,125.86245499455896
-121.37875921638457,-16.26729689005294,126.6180157869336
-121.78658719767353,-16.32090022855636,127.36933188198219
-122.19356820331221,-16.37900655267595,128.13815334282117
-122.60124210521643,-16.432108661721585,128.91977326664676
-123.03727268995542,-16.472524189753667,129.7033447402636
-123.44908869316977,-16.514832814675035,130.50109324534134
-123.81577191492109,-16.546593742320262,131.33464701442958
-124.20203317614498,-16.586444253066063,132.17578508809584
-124.57260534108252,-16.624930897171083,133.03740747940134
-124.93493921652055,-16.650838267881227,133.91535633517424
-125.32099782067209,-16.705662102001156,134.79449472898546
-125.70367742118648,-16.732033179085622,135.68794342031782
-126.09326168494005,-16.754499114566674,136.5909731507689
-126.4174688502196,-16.76372065886471,137.53179244771286
-126.79442783064366,-16.797001607720063,138.48452920129222
-127.22713793790786,-16.854857339838006,139.3843347454697
-127.57574364990322,-16.893103488211736,140.35668194714137
-127.9305941828222,-16.947185839009663,141.33846999510249
-128.28992363267255,-16.995005827942688,142.33474886004373
-128.59920770341742,-17.02394436607064,143.34996348340894
-128.80543406853738,-17.06038006896116,144.4078609729533
-129.1051262697926,-17.091599393214196,145.45849080272208
-129.36633304886368,-17.122531478002617,146.5254156816137
-129.5403014580547,-17.13441690993867,147.6292768121511
-129.63840967251423,-17.188702527375213,148.7539798015643
-129.73999466187533,-17.22886963599973,149.88690887300754
-129.81008942239234,-17.23021967008209,151.03752113278753
-129.85835644772715,-17.23836904763645,152.2000476728333
-129.89706544723649,-17.27232505636047,153.37947144117464
-129.9711261176792,-17.30552601140867,154.5756309983314
-130.36332500566385,-17.320040616987427,155.71382881039594
-130.40433942021,-17.338108483528334,156.9420395315664
-130.51127982985338,-17.316501644126365,158.16069260745647
-130.60959276125126,-17.30450691509278,159.39718030917265
-130.56022760996436,-17.3261306665125,160.64252709606095
-130.33567873425176,-17.357669133356016,161.87608828223102
-130.21635092542414,-17.36836200500635,163.1442492946566
-130.10973076737636,-17.352321015812322,164.42374669870378
-130.12832393917208,-17.330845935586822,165.71127029296986
-129.92587120271895,-17.35541611069035,166.99386966880706
-129.6031842062547,-17.402079726819498,168.26570770552505
-129.4445341795662,-17.47668503845686,169.57765826884946
-129.2416728528231,-17.52028329887469,170.9003176604543
-129.1342477769105,-17.60022497404191,172.23783931307776
-128.89160958484499,-17.665600856029165,173.58198242755836
-128.61403687766847,-17.740700151681658,174.92961168685898
-128.20724605616311,-17.835113420681676,176.24305582585984
-127.97487228254244,-17.905408402882923,177.60907389635182
-127.63016840447821,-17.95573428193644,178.9651607782458
-126.99936193111733,-18.02866899543752,180.22206896615472
-126.46699529105526,-18.100074616246225,181.53858601350578
-125.99321026859985,-18.12418985759112,182.88248775386174
-125.4434049711412,-18.20720656477903,184.20976506083795
-124.98435497417863,-18.282396451744432,185.5821719952735
-124.28830542596022,-18.3559158687626,186.8477061932098
-123.72177459572646,-18.44371993549422,188.2024594262231
-123.17857515830791,-18.54502596857366,189.5625555981719
-122.51509030586507,-18.66826780633443,190.88829805132949
-122.13200341030078,-18.7602525421871,192.32207374219504
-121.18857075018671,-18.823739343374793,193.47325290496903
-120.21234431275376,-18.972261779317233,194.6074959402038
-119.32906666116052,-19.06575337909787,195.8179233090973
-118.53768402109237,-19.212854936388077,197.09204779726224
-117.4112656677577,-19.34678163191908,198.0862195709487
-116.11517024494074,-19.49534674048146,198.85606446693146
-115.092066747382,-19.63603117101389,199.97071245885036
-113.90002432054668,-19.794792204973938,200.91390978132347
-112.6522969466583,-19.988506125230785,201.77305797526225
-111.682564986832,-20.142427534124433,202.9428637121586
-110.71908150017865,-20.335330854275664,204.11606303542848
-109.6632431808613,-20.53355190621634,205.21801104914266
-108.6797996585575,-20.715711257818043,206.38569902607088
-107.64803451461276,-20.89225317962037,207.52220906724384
-106.3899827643498,-21.10901972294615,208.3850643284869
-105.36143419286387,-21.312556920615634,209.51328286412576
-104.36467926600713,-21.500169064188455,210.6549221668264
-103.28435478509006,-21.69816530625201,211.69789413368835
-102.14187683737194,-21.91053999169319,212.6446291713634
-100.97074758483839,-22.124430903612716,213.5267412397869
-99.79250309523823,-22.338486591821383,214.4030666842836
-98.60959689380763,-22.547069540030222,215.2460975994543
-97.43208652094322,-22.77663574566406,216.0708515879427
-96.20337282628357,-22.98554908397624,216.79287718252442
-95.02828689459417,-23.200068491761417,217.57006378613332
-93.81314034852807,-23.39605063240786,218.2705518949055
-92.62565824828265,-23.61476216146295,218.97144097119013
-91.39461932979393,-23.801190235940272,219.58660580699654
-90.23103449490773,-23.976719073322656,220.2923418774011
-89.00144915821531,-24.168577179869335,220.8377440656469
-87.76435889175954,-24.355973211689527,221.34160107899334
-86.55452300353338,-24.548393242597854,221.86457989640874
-85.37387318578013,-24.760038245363006,222.38157149319125
-84.1912904599289,-24.958526667049846,222.87471862364472
-83.01077468540863,-25.152746541456033,223.35604840559722
-81.83012256445377,-25.33720658937392,223.8130727161179
-80.68095071025253,-25.529104198900722,224.30532637214247
-79.5136792660366,-25.75862367705388,224.70633183241242
-78.3484804682161,-25.935094223239883,225.11425051350759
-77.166603172582,-26.15332825921291,225.4133803029094
-75.99387777987037,-26.358519598839504,225.7067748891436
-74.82541571391464,-26.598401670698134,225.93135797092685
-73.6845977144438,-26.827503910583967,226.2377138120049
-72.52832357968344,-27.02753284914619,226.46099971174297
-71.37719177121205,-27.24734634723683,226.66098070729632
-70.21753675271364,-27.455344555878742,226.8497475470039
-69.1018667490692,-27.629606335544047,227.0032540377979
-67.98703424578052,-27.837880640484826,227.12574168294017
-66.88479351028171,-28.016440770221546,227.2647283599111
-65.79240631673552,-28.21901454345949,227.37624694837254
-64.720032120479,-28.434085382605474,227.4992510387606
-63.661320356023424,-28.62405216089571,227.62350353913524
-62.603837449744134,-28.815370258543602,227.72591095800456
-61.541929533278186,-28.97984090542574,227.8412942854878
-60.492644301647076,-29.17869317290539,227.96747901752383
-59.458582843535424,-29.381881827271265,228.04954617042307
-58.43945155360354,-29.596913702367832,228.12365214774067
-57.42637201000386,-29.78773051636491,228.21967106897944
-56.424741813421235,-30.001411210575583,228.2954514966338
-55.42292907286691,-30.180364549828422,228.4169369600986
-54.43267335347847,-30.376198660019806,228.53061424676582
-53.445557753031515,-30.560444848383167,228.65069188426673
-52.46233200269374,-30.750254413433154,228.72444511259093
-51.476620333971766,-30.950825376162573,228.79345726844116
-50.49213788243829,-31.134462406144202,228.88601958281455
-49.52994808473071,-31.3279571725358,229.00934784829528
-48.56871222259774,-31.547538184462223,229.0994748262254
-47.604511796380756,-31.73515437996728,229.2306130787194
-46.64702316990428,-31.92864047655451,229.39044519062313
-45.694796406539545,-32.12302287209414,229.56578308223865
-44.74220035365641,-32.319343533390075,229.71744397660424
-43.795639905722965,-32.50038899920495,229.87118804483418
-42.85963601423697,-32.716745642224325,230.02607322922714
-41.916243510314004,-32.849747996857246,230.2210336644545
-40.99183094457815,-33.05386803127572,230.44064025328694
-40.06616207188209,-33.22935828220023,230.66287297444214
-39.1345127190732,-33.41597254110889,230.84904291369853
-38.20893444109285,-33.62206921059504,231.03615876058922
-37.2865009157758,-33.806669155916865,231.26159940456964
-36.368531483785354,-33.99508746145104,231.48219118154867
-35.45755384763938,-34.18409281569817,231.71452152009226
-34.53387177536241,-34.351937282573445,231.90114972801769
-33.635311863538035,-34.54240358169797,232.1576832789617
-34.55433651499567,-34.353799284298724,232.00722029907732
-33.67426136466283,-34.55084287167205,232.2892155049615
-32.79776681269127,-34.74754531582548,232.57488648446102
-31.904800054741543,-34.94483176216414,232.81179149978954
-31.016924485915972,-35.121343988898296,233.09553264819067
-30.131941026548166,-35.297809810361855,233.39813846208153
-29.253843061895534,-35.49428475902457,233.72708926375384
-28.340132026080052,-35.67432106319509,233.9782446786061
-27.42140745201323,-35.84927022636086,234.235197017987
-26.521575285829194,-36.03928677991286,234.556089770284
-25.613059234058962,-36.21728949699276,234.87342275263532
-24.692060531961417,-36.401737086398796,235.16047264672503
-23.776963648203292,-36.57539336239785,235.4882547652768
-22.846377171079943,-36.743523047084274,235.771886928161
-21.92283001521153,-36.92967752619099,236.07343998036882
-21.006291625064335,-37.11837558999162,236.39663184073083
-20.07328605183929,-37.29002424274697,236.68838133831096
-19.191041187992873,-37.46208085001372,237.12110510032602
-18.34209147459505,-37.63658130893202,237.6212560848887
-19.277693977761047,-37.44775051662478,237.389556361656
-20.187196064165907,-37.288342634515175,237.03351527688275
-21.108199656362004,-37.112698390999824,236.7132643949452
-22.007771182611176,-36.93623371534031,236.33313362493826
-22.89531040907056,-36.79869584930035,235.92102366218435
-23.80708495206445,-36.639325842480396,235.5659778872842
-24.70190459858135,-36.459193741729734,235.1831166044591
-25.592214558137265,-36.297875812783154,234.7912259893432
-24.71839330350002,-36.47502515649761,235.22083384153598
-23.84884144640027,-36.64580000823206,235.65556194866667
-22.940714405796808,-36.79355508822155,236.01901853336702
-22.101605602500833,-36.9808151238072,236.5047966705898
-21.25041886722459,-37.1711453541083,236.964229116004
-20.417237710629355,-37.332668142271345,237.45695029082262
-19.5675701667258,-37.51498031181463,237.91134230241425
-18.719498816515017,-37.6764520082333,238.3673329629286
-17.897743279722732,-37.84974739515971,238.85648837690377
-17.06081170303235,-38.012258994618925,239.315507590668
-16.211694751907682,-38.16326773493418,239.73854345390552
-15.405537474708096,-38.33619969877017,240.2372148083976
-14.597662078619752,-38.50522466964857,240.73847030207685
-13.820714248383423,-38.67098203090342,241.24717740994626
-13.020094382089976,-38.81907093310723,241.73468643059343
-12.22706833555516,-38.99290510682337,242.21666182331649
-13.029809909040186,-38.84140700517869,241.73393804276813
-13.792862018746641,-38.68564272467339,241.2107537346929
-13.043629768818612,-38.86104815811989,241.74843366644524
-13.819116981168158,-38.71062640226645,241.25180016603247
-14.586523539355625,-38.556488487289705,240.7378401872963
-13.867889277769525,-38.71714941706878,241.31885365747846
-13.161542303582795,-38.875888039412665,241.92038131668838
-12.48338409156059,-39.065834474975915,242.54377145361678
-11.744572356474693,-39.23815616733235,243.10662352860965
-10.947373373545872,-39.42259330874648,243.59314938767596
-10.195218419509231,-39.59501997416752,244.1626298251151
-9.436466692211573,-39.75332450761344,244.72001864468564
-8.687338565673445,-39.909071098150754,245.29127093377468
-7.951931218302943,-40.043360393656826,245.8828352284595
-7.15910074725666,-40.20348314450727,246.39283648947813
-6.392627442100023,-40.33487338996009,246.9611496497006
-5.656227351711392,-40.49349003433159,247.5589802707831
-4.9097539174779055,-40.629641851757114,248.15409433740845
-4.139453898781859,-40.785930540664324,248.71362918084228
-3.410454359779923,-40.92928629748093,249.33821819741436
-2.6454353216501296,-41.07777199350708,249.9191831681093
-1.8671722297939686,-41.214818907644236,250.4713209128614
-1.0896497923255093,-41.35442278547141,251.04134143786789
-0.2882371087841725,-41.479023917484675,251.59022454560585
0.4713206315852665,-41.62141077503978,252.20270882086555
1.2211779487298962,-41.77168032290127,252.82697494417366
2.0245623502279453,-41.908500609201724,253.38206815183005
2.803810719769041,-42.047465024225815,253.9704257226359
3.561535775471243,-42.166583620960125,254.58717261907972
4.232102181801707,-42.288527281659405,255.29952349941627
4.972243825222877,-42.406885560011524,255.93692990181538
5.731766618712157,-42.52198728057036,256.5448459687971
6.424036230141101,-42.61575319877258,257.2314099755552
7.143611688342458,-42.731125544122214,257.88453447998205
7.891543135219743,-42.86643259511513,258.51098403223955
8.638000000187573,-42.993696787364655,259.1290800252806
9.34178505983647,-43.11955398517655,259.79539790555543
10.085561789154204,-43.2445520549149,260.40834604984417
10.793298550236882,-43.355220123087776,261.0864998727332
11.503964550947567,-43.48352448118811,261.7214601451333
12.226120326513623,-43.61057245276191,262.37081819285083
12.952826268309341,-43.730091600094234,263.01027462614377
13.649153972067321,-43.83948292468488,263.6807229012429
14.36610446825927,-43.94767090941779,264.35045554892366
15.062397762620625,-44.06778204451158,265.01549042165885
14.35352076469311,-43.950444944201934,264.31942105701177
13.668491900564105,-43.838828899684984,263.63824675067275
12.979530398312644,-43.73128379297848,262.92964267720237
12.307542197232262,-43.625191223708285,262.2005480037515
11.676256432455844,-43.53282412689591,261.4219413464995
10.960678848575498,-43.432594344658746,260.7155823878952
11.607740259720188,-43.534681285019005,261.4961944672376
12.237100487347272,-43.64241067593078,262.2869768806833
11.555157253380738,-43.55819710380711,261.5241505221866
12.186441936361742,-43.65004240105891,262.336094516626
12.82548938942788,-43.74064392294801,263.14180417814254
13.476859943417598,-43.83672046384133,263.94743294636345
14.09653350757642,-43.931520679428935,264.78113154298404
13.429101705299002,-43.845339403779064,263.9754912793824
14.02446347871275,-43.92640266025439,264.8409685937629
14.578723541261759,-43.99536890464,265.7408641393672
15.136215594883009,-44.094439864257986,266.63606045700345
15.689159854031365,-44.17375788322466,267.54531576831164
16.26601953987807,-44.25280010006131,268.44252158349695
16.764869115884775,-44.35554404171059,269.3883577931402
17.30366173211062,-44.442215240349505,270.31942552565323
17.835520652629373,-44.54703322336186,271.2575088370397
18.37395662546388,-44.64170121013456,272.2027727530114
18.918242766718926,-44.740966760025564,273.144219996378
19.440954478703205,-44.82800863453406,274.1058897868656
19.95295106855641,-44.927417171793586,275.0760186809815
20.468335185507442,-45.00851448039449,276.05088949038765
20.991732638414884,-45.10559857771581,277.0205917240333
21.491150589418716,-45.18562862066055,278.00572910685935
21.99868767555165,-45.29935384500229,278.9899865963143
22.473267400696464,-45.41316905316433,279.99966109206645
22.94741456029371,-45.54088272056187,281.0159815180669
23.497408475832994,-45.66925229095797,281.99119198415406
24.004295088296523,-45.77595408284463,282.99751004456704
24.583665637095645,-45.91156137873249,283.9626230002806
25.113407847751702,-46.02964779099833,284.96153724909647
25.62815971596528,-46.159352683155845,285.97017641952414
26.151765282586812,-46.253197238974224,286.98315090234496
26.703323119384283,-46.374104439037296,287.9793747983343
27.208181796787684,-46.514470298731695,288.99335446158335
27.7078083904007,-46.624879327993305,290.01428210824207
28.184294120887984,-46.74188952167513,291.0443717653674
28.64776224646587,-46.839589880898004,292.08607663666294
29.121950425091832,-46.94408357479656,293.11586061953835
29.64558248225034,-47.03393085798105,294.1202844174047
30.097393490793642,-47.142902992649056,295.1549875592888
30.507199012473425,-47.25391317173492,296.2048464942606
30.9185685217501,-47.3766744924328,297.2455414660838
31.336317729353805,-47.48933806703935,298.28359838677903
31.703986219045795,-47.59717118190153,299.3413138419118
32.084846751669055,-47.714543729154045,300.386556333366
32.38988509110276,-47.82431803098998,301.45535026964734
32.723560210496544,-47.93829832732688,302.51242294271407
33.07676991890129,-48.04896127965343,303.56173843472345
33.419982959439984,-48.175006112872744,304.6108189788777
33.71170554852273,-48.28527602013014,305.6755318211841
34.04241133702912,-48.435282098670065,306.7238071601812
34.3553311665632,-48.552227094492984,307.7803639788314
34.641786892217006,-48.688242486920764,308.840464374767
34.93406229534753,-48.802573553383894,309.8986214909205
35.237553207085746,-48.90806485431203,310.95108780863376
35.573029971077176,-49.036636263114346,311.9948901482845
35.83176847699071,-49.171732564759516,313.05566350732
36.07845207124833,-49.30238750120333,314.1214637698491
36.24956597164996,-49.420553031406875,315.20412924337313
36.46209965619843,-49.53890087459305,316.27524199142783
36.710447285781285,-49.64519693024005,317.33104240127545
36.939441444682984,-49.77365950422315,318.38619420797176
37.2065048400006,-49.8990163055278,319.42766575009284
37.45515407288517,-50.03442275958779,320.4716995850737
37.650010814505166,-50.161182434766076,321.51678988624093
37.90573315375786,-50.276234024364705,322.5400765750227
38.168765395984124,-50.40005659122977,323.54473634807243
38.35074492628696,-50.48867762495597,324.5568770565868
38.56496811831039,-50.59916828852399,325.54161428563
38.814611840111404,-50.72109449634589,326.50666590855565
39.089054832813495,-50.819808667734655,327.4479664421387
39.337345952496385,-50.917808028565275,328.37857545432547
39.53622960872259,-51.0136385950616,329.3079960634746
39.80184592154019,-51.11849247265179,330.2129851309884
40.0405387029124,-51.22465129552416,331.1257727399353
40.27709317967865,-51.32805141075407,332.0366525481385
40.492134896183195,-51.4552230051992,332.94324508788776
40.190381230519336,-51.34915930389343,332.05851682394245
39.932720103210045,-51.25983778342906,331.1622180028143
39.700370837563156,-51.14617902517843,330.26686624912963
39.48679976107086,-51.044832103257846,329.36666901868335
39.40331901735285,-50.93337418056087,328.4581212472941
39.28784237069586,-50.831838525602,327.54484537810185
39.19730644526976,-50.72893138549209,326.6333225779363
39.136664590294,-50.60839188579814,325.73495197933096
39.108573451049324,-50.48760322954399,324.8228252794607
39.1158797051276,-50.37661621050319,323.9053321817996
39.117326840147264,-50.275664531056464,323.0000195487733
39.13029538164822,-50.18240530474313,322.0795595107278
39.176969785962946,-50.04622802961132,321.18149359476195
39.28449026502584,-49.94988385791259,320.26719756383886
39.401694229382464,-49.85466311889079,319.3519236426004
39.513626812099766,-49.78541064935404,318.44334522788364
39.66724654095958,-49.656120635044346,317.532271151694
39.82731038854412,-49.54760139700405,316.6090545256676
39.59579969466337,-49.65617485737867,317.52122850552075
39.43805357693916,-49.78135571343712,318.44918310512105
39.222353916367275,-49.89896474141219,319.367162711413
39.08767386184799,-50.03339042348502,320.31089268625425
38.881377801051585,-50.14074360469773,321.2567641512448
38.72358774599036,-50.263136346546716,322.22166596048055
38.545544820150496,-50.40135051886419,323.18717639917554
38.33931517113928,-50.519571536766186,324.15632227725314
38.16565785442399,-50.64058829942103,325.142396342883
38.004161151733555,-50.79978995319034,326.13652300506305
37.84488730558092,-50.93877114685124,327.14686752127534
37.62170943529849,-51.077864525559896,328.16314215453923
37.418426559913804,-51.23420624507641,329.19243166610244
37.17543546101862,-51.37562581521324,330.2265815715997
37.03523321715025,-51.51847657453585,331.28895430820165
36.826781634353445,-51.67889965510119,332.3470716290368
36.59988017052632,-51.809094565034385,333.4117671274966
36.383603145490454,-51.97542508175838,334.4798154272228
36.139459973392135,-52.14057313675316,335.55140134946566
35.94163610034501,-52.300370896249916,336.6374835663408
35.691572066524905,-52.47362183089047,337.7182255166396
35.44672216825937,-52.64853357806964,338.801453985347
35.18256340039586,-52.80860646524742,339.8795360949524
34.858648175424726,-52.97821963135806,340.9417179324519
34.56859080170554,-53.13127528361684,342.01427085914725
34.26581158471561,-53.277117448519036,343.0833160987866
33.965287583280904,-53.43992947311574,344.15326123126226
33.632597441987286,-53.608908174776936,345.21364506307555
33.34295017334143,-53.751491064925666,346.28646386231554
33.02610276316639,-53.905377613872716,347.3458774542703
32.691969955674665,-54.05850345205231,348.3945189444086
32.32333138352227,-54.21528622310158,349.4250321798032
31.98756090595046,-54.367429177045295,350.4683559957666
31.67669053700307,-54.54437890344418,351.51009170612593
31.31098040038982,-54.706171978071055,352.53151745060325
30.948161321239063,-54.8749765385508,353.55272462506167
30.585195461990114,-54.999182164342606,354.5757883339974
30.23360709089624,-55.204097139101115,355.59114282329233
29.956593099432276,-55.37695115886362,356.63913696143675
29.57252567243286,-55.54958624836444,357.6568540138099
29.234323529347847,-55.703189175415204,358.6940405887395
28.79421498968723,-55.88758911957444,359.6885873057477
28.3861885341324,-56.051100188954734,360.70342990554207
28.00957094090385,-56.222091680489335,361.7316469341861
27.589592574277052,-56.39865484028843,362.7452757066009
27.158484263521476,-56.576491188445786,363.75074275791167
26.76529183577982,-56.741659141279925,364.7735777802506
26.300803656550165,-56.92201938753453,365.771256636109
25.92445051508225,-57.109240188682485,366.80552572165914
25.51248815371009,-57.268710133735766,367.83285154433537
25.152907602737706,-57.45541794980768,368.87544094408963
24.7381457841544,-57.648500266128984,369.90049549452556
24.309716881944354,-57.8357306649442,370.92379773551335
23.82256711461931,-58.01252420735444,371.9193762678538
23.419971997231478,-58.17665136831228,372.9523590938927
23.05413726541537,-58.36007495963934,373.99356572662305
22.66078480992961,-58.52667336089829,375.0224794300313
22.219056556725874,-58.73202791275027,376.0236767146636
21.786830858868807,-58.91997776027558,377.0335486809184
21.376941266446217,-59.09811176222664,378.0494026674108
20.930305153104708,-59.27785791841759,379.0472214082619
20.51285749055911,-59.459801066943875,380.05853428301407
20.10550194784434,-59.652079730281265,381.0678681114102
19.614099287886358,-59.81983445276967,382.0366691517528
19.162126865520023,-59.99069972711357,383.0163513661181
18.712860718225937,-60.16020053217144,383.99238926803594
18.27028023413444,-60.31738086822978,384.97815997598883
17.89826751534055,-60.48013538116583,385.982130920227
17.47569889623545,-60.64477775506731,386.96146734463065
17.084216419820358,-60.820488863741716,387.9429136763005
16.67831090586336,-60.9905499748494,388.91046153538974
16.294314924318453,-61.14163764831937,389.89319711019243
15.905692412910366,-61.3073207575124,390.8604708790164
15.536283162624489,-61.46246732722635,391.8292329483653
15.170203548461748,-61.6002835571284,392.79838984761847
14.79203076914439,-61.749377920004086,393.7574885053394
14.397936626988727,-61.9280631490428,394.6992569206846
14.037706665805796,-62.08612933037113,395.6480958123762
13.665741289129198,-62.267214771236084,396.58042690944444
13.327493131495586,-62.413977931785276,397.5222843702967
12.963780169798552,-62.61099814885868,398.4465409336263
12.573122849444315,-62.78739511809428,399.3577969822746
12.235571088950337,-62.96167644973959,400.2816639190287
11.863757834651855,-63.12606894072298,401.186738838931
11.497513726031594,-63.29497249523869,402.08901884218545
11.119039766753556,-63.449735029188936,402.9870529720679
10.73222938065589,-63.59753030377578,403.8774581737692
10.369293867454605,-63.74887187770763,404.769970819762
10.017736794676049,-63.91073543586617,405.6611467124003
9.655676998680324,-64.05960615977096,406.54224468889754
9.309142550464859,-64.18781894774804,407.43391572577104
8.980615689499897,-64.34912566989331,408.3209853343223
8.602372858570131,-64.49814801739744,409.1914444805747
8.266584411250562,-64.6227011615857,410.0754873151814
7.904380526959525,-64.75083169310643,410.9361878314452
7.541759381993519,-64.87072461287421,411.8008129981001
7.174586898878557,-64.98590195918207,412.65717897958274
6.815674277790652,-65.10800838398359,413.51046888532755
6.456922796523052,-65.24081247533367,414.35353117306727
6.118846579566179,-65.36981610956462,415.19427725357156
5.694873097941583,-65.46060880679693,415.99288398000726
5.440275646065408,-65.61908827731011,416.83896052236264
5.122917684001684,-65.7464058849721,417.6566640231464
4.795796722380818,-65.88858965810248,418.4583130480486
4.472224174703703,-66.00376255640482,419.2464306638816
4.143313713703547,-66.12627430964547,420.0164924132644
3.7616571558326064,-66.22863324784377,420.7477240204211
3.3217766637234534,-66.30165373667758,421.43520367660904
3.051786594004024,-66.44601968001712,422.18705895514114
2.7496608313398605,-66.57932029059434,422.92252650164085
2.433090026002742,-66.70746350737622,423.64773558473416
2.0953486824625065,-66.82386616243801,424.3616413001184
1.804229079017504,-66.94756471471729,425.0921505526635
1.52023813709836,-67.08947253762115,425.8197751382889
1.263042295631887,-67.22962112902157,426.5599528723912
1.0175199641208468,-67.32266192321887,427.3093859588936
0.7764026410949235,-67.43422251246214,428.05592220775526
0.49652887326441353,-67.55199554083602,428.7972654310789
0.25972887286810586,-67.65839939728603,429.5379045256756
0.0406710191621959,-67.77271992473338,430.2896117641227
-0.1516999059460285,-67.8798517436177,431.0516502460615
-0.2869966991096275,-67.95215787995895,431.81529799948385
-0.484657269754277,-68.04087523206617,432.5783990375827
-0.5797389548005143,-68.12318322789136,433.3424716448603
-0.7267510791970895,-68.21469131713333,434.1192836748159
-0.8645213423374777,-68.32730984168244,434.89179216734044
-0.9710715353592648,-68.40263356445995,435.657332629533
-1.0685874424939559,-68.51019484787996,436.4405933620255
-1.1379103308491378,-68.62318850445764,437.22651756430156
-1.165749183044854,-68.71498545494322,438.0066271890916
-1.0752365879109074,-68.79045828278926,438.80196296433314
-1.0492447671534761,-68.90757458657073,439.58379120444874
-1.0377574884659544,-69.03767583844031,440.38333047002004
-0.9432349586347201,-69.1982818125939,441.177522032189
-0.8548979512585535,-69.28896010780552,441.9722264398811
-0.6982899687194902,-69.4197249318955,442.7688833476437
-0.5625582663508588,-69.508104325673,443.56358734450515
-0.35614032853408184,-69.61942346737516,444.3596168060442
-0.20964027035369556,-69.73594565299751,445.1750901251729
-0.05884636493620493,-69.82448806145014,445.98452684314066
0.0667188475643363,-69.95691524194523,446.80658965082375
0.274710766903034,-70.0657047997026,447.6199105248413
0.5036681036701753,-70.19014129901349,448.4208682116636
0.7133889185104673,-70.30595187393945,449.2420893871444
0.9548341823476696,-70.42794590984225,450.0516140130668
1.2133804005298725,-70.58146003796891,450.8620516445531
1.4913964823618548,-70.67554915446568,451.6756895313305
1.7705751343874103,-70.79643228644605,452.4780507736371
2.077694567839192,-70.93796384342141,453.2776819168377
2.364148951315374,-71.05003370150952,454.0948160301847
2.68034136701006,-71.19423176432485,454.8852541050757
3.0304029145743954,-71.30389728572867,455.68447877863883
3.3721354803972057,-71.42843925247948,456.4862245114457
3.7633505190433256,-71.5347472196849,457.26484811797565
4.1905936242004325,-71.64816836125807,458.0332448607068
4.618473565840348,-71.75995355903724,458.78445972823783
5.043590214730816,-71.87964701808133,459.5488657305024
5.521001623497069,-71.99402352596921,460.28355888810165
6.017574070052814,-72.11086276864248,460.9817954781578
6.51756704315712,-72.23077276858632,461.68929930151126
7.064843421200244,-72.34230473013012,462.3574181035892
7.6175494427622334,-72.44625544622568,462.99835068986664
8.187842480555036,-72.5526339880676,463.64413147448374
8.755712961422532,-72.66686768600346,464.27791412754016
9.341970640927604,-72.76459104491988,464.91670713442375
9.93423633887164,-72.8579022761642,465.5542394737309
10.547356353270246,-72.94435054093137,466.16429284710296
11.172450650441132,-73.04547112408696,466.77043577736504
11.769943563155346,-73.16101770908,467.4101263656596
12.402533002334286,-73.24860932204712,468.02183194294093
13.024701701824293,-73.3659025254486,468.65780610461
13.67457905051289,-73.47420263465514,469.2523242356264
14.314548329063435,-73.5519149718447,469.88107536966913
14.997136293939358,-73.65242267713091,470.46379229733185
15.71870136684104,-73.72341333944881,470.98872399872926
16.47783007387683,-73.81941171963744,471.48158393294517
17.253163133603504,-73.93031005342105,471.95378508304856
18.060077534595695,-74.02919472751795,472.36232740729434
18.896623444866016,-74.14523032683462,472.74149089142895
19.709654623411776,-74.23182448944142,473.1688816570228
20.543958249078326,-74.35448260847215,473.575932709147
21.40352299129577,-74.41861172619922,473.9532185297078
22.2836807955505,-74.50572471960247,474.27534006265734
23.14832063669165,-74.60238092966776,474.66459585910377
24.039929319847037,-74.67865641067323,475.0142215509791
24.948998037471064,-74.76980400386807,475.2980102972185
25.855458999627658,-74.84987832871083,475.6392981481407
26.79041259271147,-74.95238211757845,475.88165827119605
27.758092883262673,-75.04969270290098,476.02454171097446
28.724992289283986,-75.13042450866693,476.21860221873783
29.691757925251416,-75.21152516618994,476.39207024882336
30.665825041379623,-75.29315927757789,476.60123264897106
31.659484156620508,-75.35943376958252,476.7390023858809
32.66405573782083,-75.42613833925198,476.8350119954512
33.67890650376697,-75.50394892422669,476.9374497683887
34.69574246813437,-75.56005701904336,477.0445716418089
35.715618490746884,-75.63545571089969,477.15406275864666
36.746548756365044,-75.71896273260612,477.2164360867458
37.78010114201154,-75.80780095059708,477.20094583017686
38.82335598100236,-75.89202007659486,477.26440515761107
39.867380986544795,-75.97579688400431,477.2138317175227
40.91975188573237,-76.05138516579395,477.08596915576527
41.97536021408175,-76.13150441670898,476.98005505966756
43.0294689121152,-76.19956432277816,476.84089764119466
44.09141233279176,-76.27202735255733,476.7110695710522
45.16193657639092,-76.33948114993443,476.57745717198
46.23634042819249,-76.4632639027657,476.43284460774214
47.30248882518468,-76.5180837751821,476.2258167024271
48.36643510669919,-76.59115280529369,475.9791211870849
49.431930970067405,-76.66271307958368,475.7086795756625
50.50013261673383,-76.72529350755116,475.42587953995786
51.56540193931036,-76.8180123149295,475.1202258705285
52.632302438732054,-76.91232161603125,474.7985606873654
53.71676097383916,-76.97873441517277,474.523416920139
54.75630834242013,-77.08468859647176,474.1110630386955
55.85276208564446,-77.17075154582146,473.84939742036056
56.92550377274935,-77.23575391163351,473.47935378133116
57.99543890984193,-77.29814403685263,473.08427094813055
59.07664058693392,-77.38111687276279,472.7109255947987
60.15675110117704,-77.44708979110561,472.3097494321634
61.25269768047204,-77.52459650433069,471.9333097361475
62.347155951460934,-77.59165110658519,471.52481985747187
63.43236132754953,-77.6562454068721,471.083786029995
64.53630398502577,-77.70100312792836,470.649781749129
65.63597169440918,-77.76994388492223,470.23810199669447
66.7325247493175,-77.84154583976941,469.78818752934177
67.88813058412418,-77.90865380186825,469.29209353665124
68.93489730505772,-77.96968864748926,468.8528944542683
70.04002296558485,-78.03478991215793,468.3714246863878
71.16899262242721,-78.08790882312637,467.92061853600086
72.28959954610384,-78.12970484138866,467.4263257463859
73.4278544850461,-78.19528648135105,466.96567209191926
74.56179891434246,-78.24172354226758,466.4819867241014
75.69849267838654,-78.27976819175448,465.9882061818271
76.83912468298504,-78.33287505774132,465.4888063342394
77.98527344394742,-78.39723696364759,464.9945517790632
79.15079824502344,-78.42616385997515,464.5317735371962
80.31238916022745,-78.49704157725068,464.0339844218981
81.47810290233906,-78.55662590603434,463.51801142181426
82.65535166872178,-78.62367075899584,463.0285610886427
83.82974466789257,-78.7104987419961,462.51771856323325
85.02730218245871,-78.78130238337744,462.0416430211464
86.20817520399967,-78.83730376703446,461.5079843253256
87.41730344321923,-78.90135151472448,461.0024994891163
88.63122140810778,-78.97602836493012,460.4730452423072
89.85457868235086,-79.05946572472378,459.9702618903084
91.08901648692651,-79.13433153284582,459.47886908917206
92.29110665911124,-79.18876834986315,458.89065396756274
93.5326971273008,-79.2810962388782,458.3769318008123
94.7756079297569,-79.36941777084654,457.84003698594756
96.04185180730505,-79.43920618681861,457.3451033823522
97.27912478419026,-79.53968262125777,456.7699971761677
98.54816208487844,-79.63990397383867,456.24999891650816
99.82452328428548,-79.70784394168842,455.7278894553636
101.10664644964417,-79.79538914768743,455.2003070866692
102.38991324919783,-79.89597182819212,454.6642855334218
103.67292158130276,-79.9711851045452,454.1155272116539
104.9712078304122,-80.06978060134375,453.5953141423406
106.25901847805727,-80.15393469036297,453.0457126576144
107.55992794132766,-80.25503329970998,452.50992078042555
108.8488754484872,-80.38592862856196,451.9595379763048
110.14458654112222,-80.49159887128515,451.4082984382404
111.45097149521781,-80.56797116546393,450.88419452440803
112.75898357896925,-80.66995681018479,450.3612038369851
114.07659938041853,-80.7595127623214,449.8596541130215
115.38023972543834,-80.86450010640384,449.32816209989323
116.70098115092341,-80.95140507181272,448.84043775141873
118.00422618910609,-81.06765805910297,448.3193430380526
119.29917997179751,-81.16106799426976,447.7660576314989
120.59627073834494,-81.23366287093053,447.2138651222052
121.89188087317746,-81.32451156292049,446.6720061772916
123.19666686495539,-81.36792493470077,446.13256194031186
124.49285824296236,-81.46142053427363,445.5689940007155
125.79814186180869,-81.5583389993468,445.0541190407503
127.09906288547343,-81.65660337507286,444.5399066439237
128.39036696087598,-81.76757717554239,444.01593681601554
129.68935627232645,-81.83144027751707,443.5140603916405
130.9654525065867,-81.95638011849677,442.97593115071163
132.25203855808488,-82.03272826464706,442.44123333673656
133.549162317847,-82.12043586954556,441.9408735082097
134.83545322038827,-82.22074723808079,441.4262665232376
136.11843437753822,-82.32409228848822,440.90905150938516
137.39853745687097,-82.4270039591776,440.39789128526877
138.68114072608748,-82.52271249971547,439.87957704519505
139.95313052228713,-82.5904067228961,439.35783868105847
141.22339709491666,-82.67869624638993,438.8367759925063
142.48724237514202,-82.75986719181216,438.3161687914695
143.74883153500235,-82.85529543472856,437.7995599570729
145.01848728470006,-82.89200044230697,437.297653218945
146.27128251338897,-82.976631246619,436.78763018266557
147.51596502345782,-83.06053374373134,436.26702674077626
148.7550933312934,-83.1233319484752,435.7394462139357
149.98189612447183,-83.17696952792737,435.18977766733695
151.2063610326788,-83.23750566688949,434.6503884856238
152.42776056165758,-83.29621381670272,434.11893758830973
153.62898112696107,-83.38355533642681,433.57464455801795
154.82131420734868,-83.47520729637161,433.06118292045227
155.99744431447846,-83.57520624315912,432.5437812422136
157.16014105240967,-83.67807705213662,432.0428058504383
158.28972053408688,-83.75865600579556,431.5199310310016
159.4132679250757,-83.84270519459024,431.0355593483393
160.48696994273612,-83.92961621272991,430.49336186928036
161.56171648861576,-84.0315361713584,429.9882975079828
162.61812714669006,-84.10181353025837,429.49602955408676
163.66851557851382,-84.19627493846389,429.0444352260105
164.69557853366294,-84.28030669505479,428.59827619198273
165.6989553129906,-84.3747090092698,428.1503234870273
166.7035292497454,-84.47848559253372,427.75250015593804
167.67455690634097,-84.56536647537206,427.31354427566794
168.65221318488304,-84.65926369245327,426.90919196671985
167.67471703201258,-84.56359759953197,427.28117731507194
166.70522986550097,-84.47125698849435,427.644248525198
165.74132904723086,-84.39027903715416,428.00763795327066
164.77210848870746,-84.29894155937468,428.3106189330176
163.808740665112,-84.19590306948169,428.6085697948413
162.83055804034134,-84.09039700611314,428.82197566821225
161.87468616299165,-83.98303859639232,429.13188104740755
160.8988096794677,-83.87502404114288,429.36798406657306
159.9167733586954,-83.79166630965649,429.60667941819395
158.92859661864318,-83.70349366210358,429.79308609469257
157.94313207755556,-83.6038255594145,430.00303987452344
156.949908854381,-83.49313826091394,430.1666507170655
155.96754581952538,-83.36391680985277,430.3151515468103
154.9826442000332,-83.22907312604333,430.43100438345385
153.99070260052204,-83.10849657950588,430.5235277296123
152.99931735334184,-82.97460123052089,430.614550434437
152.000589827445,-82.8369271643619,430.69780127781536
151.00616777896312,-82.71471700858378,430.74395451624713
150.00322655746567,-82.58229682500595,430.7651531884318
148.9875309649502,-82.47397270536574,430.71832593836467
147.97458835712413,-82.38726885891734,430.66047296729545
146.94941767447827,-82.26656477134294,430.60024743461906
145.91881268570768,-82.15863516031148,430.48647391800046
144.8921696845186,-82.01649393171587,430.41498585715965
143.85700790729584,-81.86467094275126,430.27006648682305
142.8274614004298,-81.72904466836889,430.05391910932997
141.81453360334586,-81.5853551230145,429.830704426008
140.8270027016737,-81.42752149930949,429.4614959024463
139.82152550552496,-81.27049951865486,429.1761896141943
138.79874171978412,-81.124155615673,428.87176751810784
137.8030695946973,-80.95411520182063,428.4839081923441
136.79271932501177,-80.7994392766527,428.12866469160156
135.79208478079772,-80.64175387070085,427.7000368646056
134.7836516867005,-80.46477022453826,427.2879678720565
133.8000672953969,-80.30417351612165,426.84499267576484
132.8313609159423,-80.10655537997015,426.34676366459837
131.8593383639356,-79.9167284975511,425.8566347804246
130.9181054776679,-79.73152531211187,425.26975454868114
129.98254905003554,-79.54713850465413,424.6617581832715
129.05621973915655,-79.38373383344381,424.0561013321313
128.12018361827546,-79.20920618003967,423.426659008957
127.21464771227878,-79.03121098593475,422.75980196286224
126.32539405000712,-78.85047848256757,422.0822008418013
125.45753424699386,-78.70060697414021,421.3495292099119
126.31382620699655,-78.89912042726404,422.0729388917407
127.18619510076164,-79.08133325590684,422.8116211724738
128.02718187413836,-79.28851647157518,423.5800320536114
128.850723063504,-79.49393787432406,424.3627472421129
129.691563901204,-79.72926914597336,425.1354969044485
130.52253595505192,-79.9255470502706,425.9262194047661
131.36380043520546,-80.14048972863492,426.7132006783993
132.19141727021983,-80.35898768991137,427.5180732870889
133.0127769097145,-80.57182243080462,428.33885351058245
133.81314054252886,-80.8075606251482,429.179322602873
134.61852782500915,-81.02996659288168,430.0055980927283
135.43355057446254,-81.23414071481395,430.8261005372137
136.22773621836762,-81.43522432118127,431.6612867836673
137.03068672813137,-81.62156830896211,432.4938147243324
137.8034004567657,-81.83332001093925,433.34375778730174
138.62325643660367,-82.0461884165372,434.141058675751
139.42748113159792,-82.26794961121901,434.94903085138253
140.18952797505153,-82.48297912352677,435.7895395338594
140.9534228128032,-82.68538648105083,436.6256285774883
141.6833629364477,-82.88160222238002,437.4714097274606
142.45475381347083,-83.10446154292809,438.2594467050767
143.21101251366227,-83.29668586036584,439.051624002511
143.99904623200638,-83.48848452816209,439.8000724324541
144.73695530288407,-83.69830852389042,440.5602814934583
145.43914695692735,-83.9046335914526,441.32632104327763
146.13676888136033,-84.10459329368021,442.08066096860006
146.8784034033174,-84.28034622168245,442.7631022058067
147.60579276210692,-84.48627402413176,443.43702858227385
148.31578028907944,-84.67940416637958,444.10546864188933
149.05279472979876,-84.87565612319915,444.70138392111585
149.7530846356968,-85.06225101129854,445.329169135606
150.439384289385,-85.24667140445918,445.93829281108896
151.13302628637462,-85.44494655531354,446.4946134253591
151.77883374234932,-85.61031881255263,447.0836993268981
152.44741910583008,-85.78063934060972,447.5810668470345
153.0925874705715,-85.91775975654411,448.10782576361004
153.76387787202484,-86.05234857374617,448.5523048102362
154.4216850414764,-86.20357862088052,449.0122527590553
155.0905680496427,-86.3564528874222,449.4442622142026
155.76127384499492,-86.4977808125409,449.80774035889846
156.45886448127123,-86.62728203409266,450.14735623754996
157.09085600352833,-86.77334758374904,450.516897581066
157.7417039102655,-86.9394020982128,450.86088385155233
158.4698163593626,-87.06320254815542,451.03412107778513
159.12586961054663,-87.22638148651978,451.2736893688862
159.82136779765125,-87.35496123301883,451.53606954237574
160.49066288247553,-87.4793292963672,451.7572062849243
161.2400388489244,-87.5629224566004,451.8459752889239
161.98015331461238,-87.67705696093647,451.97881130089104
162.6898651862495,-87.81159842477568,452.05952993740897
163.4234383021046,-87.94152642616392,452.0238126475649
164.12471916675906,-88.07071849049382,452.0179952698351
164.8484697815899,-88.17982502094627,451.99179678803563
165.5669130084782,-88.29135651205095,451.97478356240555
166.26604430113585,-88.39324620772058,451.87601655795504
166.9867660172751,-88.50266883046201,451.7995797348025
167.68732744990575,-88.59313665172212,451.6620332702314
168.40930163191913,-88.6706279482377,451.5822036695095
169.11499414578122,-88.76997498690929,451.41062824386194
169.82158209679304,-88.87914043300043,451.2693327305234
170.52633539377766,-88.97468293744394,451.08901979666956
171.22168626424934,-89.10169053167755,450.8798152898773
171.92166017855797,-89.20118178155707,450.6622143510354
172.628902298535,-89.31737379485774,450.4637827338356
173.32664524251942,-89.42436850890662,450.21226529843494
174.0287246733898,-89.52436027092828,449.96952657923765
174.7350686220836,-89.60973612858714,449.72722514748654
175.41941138453174,-89.71246321581401,449.4355363412912
176.0923037480459,-89.79148085304061,449.10685037816614
176.76250235923587,-89.89382214896028,448.79360693460586
177.41887050123412,-89.97790928236604,448.4410361183584
178.05459872602387,-90.05947562850206,448.0470018182782
178.67959119957925,-90.13954424812447,447.6275421157384
179.28644368670348,-90.22979614331788,447.1880341757804
179.87714093971414,-90.31727922466887,446.7243708222102
180.42862878822132,-90.40060122772697,446.2312607443378
180.97447592665154,-90.47863781353583,445.74394317187426
181.49567240112688,-90.56840585916547,445.2187430439427
181.95778979795352,-90.64542171762425,444.66815295494274
182.3923279253787,-90.72652736448872,444.0859872281763
182.75439294780696,-90.76886279603441,443.4875010362505
183.216584182862,-90.85012647979688,442.98116135411647
183.59646682527486,-90.89993663689265,442.3987440164036
183.95765580691372,-90.96336409294742,441.8214003755916
184.35095236918713,-91.03086073980252,441.2629274996458
184.66047893041838,-91.09537854903674,440.6410289830428
185.02570278106518,-91.1747997237016,440.0604050409964
185.36778208711797,-91.25101182488174,439.452068871691
185.6270574655337,-91.31577635666885,438.8119751917083
185.92344811486328,-91.36933240720096,438.1903261845777
186.16386395885726,-91.43214214310233,437.5251370249715
186.40758460768822,-91.45477336721733,436.8737458909787
186.5794819393847,-91.4532304221421,436.20316462920266
186.6893511367313,-91.53689754620281,435.502761106823
186.84529472671804,-91.57446558744986,434.8306745116413
186.9981215200522,-91.61932613312935,434.11925053095433
187.0561349112412,-91.6763303595942,433.41672314272176
187.18024951725533,-91.72981390049004,432.72451818407785
187.20614859478474,-91.81180292636975,431.9972197907245
187.26953561733313,-91.8746969773579,431.2917365135884
187.29298415123483,-91.9458516477354,430.57258935427933
187.31163786684473,-92.0057049397724,429.82079480174104
187.29174367362322,-92.04855363043727,429.0853616721464
187.19570267106843,-92.09076451093048,428.3305508082042
187.13467419645076,-92.16996471068792,427.5847873814171
187.05871952210515,-92.24805255906485,426.8302343558782
186.95757961126327,-92.30967306833755,426.0589522214605
186.86893021895258,-92.36371163561651,425.28250877547725
186.78872478848706,-92.43235641969862,424.49511928714054
186.6675124093152,-92.49023509843443,423.6997287864057
186.5290209891101,-92.55329051509862,422.90160669389167
186.40696877366773,-92.61353736793622,422.08523479919313
186.24091437700957,-92.66819878499683,421.26573862044705
186.0773381499089,-92.70712603988473,420.43612344312965
185.88171770373296,-92.76487426231355,419.6028153782046
185.68790353200015,-92.82108472112573,418.7616798807747
185.47042905840462,-92.85892615335949,417.9203079547605
185.29332693751468,-92.91078801265249,417.0489533672206
185.09688288747432,-92.94419718939444,416.17257467022137
184.871347995469,-93.0162733582552,415.2968895327967
184.6563749970358,-93.08676561756948,414.41078467988905
184.4500235356387,-93.15721927501417,413.51435097780734
184.25687709915377,-93.23466820828993,412.6026110960628
184.05561260284043,-93.30749733261216,411.6825084513768
183.88390824331694,-93.36208203153916,410.7425086748935
183.62233792477411,-93.45355498198509,409.8251961133213
183.4007394042018,-93.51608068232024,408.8812972287464
183.20583124314993,-93.62226979925616,407.92686067961347
182.95290369628813,-93.67375902212288,406.9753710784428
182.7557052065062,-93.74354157327957,406.0029475725988
182.54444707692662,-93.81154582035902,405.0254740725004
182.33124238477868,-93.89656050790312,404.0493238170316
182.12622747281912,-93.98598753409165,403.0680947585232
181.9214252048759,-94.06477067347656,402.0835331955776
181.68508186196078,-94.1073871530045,401.0991368565676
181.44937310841445,-94.18346163992662,400.1168104876504
181.21324982449914,-94.252505564677,399.132592010051
180.9359049865956,-94.32395452357376,398.15145620950307
180.65183456532733,-94.3920820039383,397.1711149545206
180.37207533224475,-94.46507726094904,396.19567015880943
180.1578464746687,-94.54587924622564,395.20405350282135
179.92364732184666,-94.61633053362644,394.214129227028
179.69826987418503,-94.68849216818867,393.22165848010457
179.49447875662753,-94.7812330611178,392.2260413031372
179.28761745575474,-94.85213424965654,391.2300559796058
179.09020570494837,-94.91766393722173,390.2356392667499
178.92102222015077,-94.97798643969143,389.23272928438035
178.68255518367815,-95.03996766259888,388.2476207567816
178.53301013902572,-95.09349457162617,387.23914883369457
178.28697032280462,-95.1364640950286,386.25345547787776
178.12396201595843,-95.19730713070672,385.2530096277022
177.94565147978233,-95.25417423800083,384.24924552198183
177.8012272218054,-95.3270920134663,383.251740666105
177.92931799235663,-95.24317814161745,384.24693488023405
178.03117723971795,-95.16667720741466,385.2474997580076
178.08124311244333,-95.11401450837758,386.2520376275812
178.15468065319607,-95.05008263875897,387.25371875217684
178.24196240640856,-94.99670220949119,388.2591720882836
178.15965686780936,-95.05212088700841,387.25649506187773
178.10221945910246,-95.1020548193997,386.2571767902756
178.05206440833106,-95.15116247895844,385.25053600164705
178.02846353718724,-95.21096004870778,384.24987814425606
178.03662653726482,-95.14877019578057,385.2569920964316
178.056705974227,-95.214198020194,384.2554511790783
178.06895607659894,-95.13456405794773,385.25248674728726
178.02079705425194,-95.07058398306317,386.2549787797944
177.96039193123326,-95.00575944218443,387.25160906852386
177.9724689297821,-94.94172717826349,388.256043059366
178.03023221280415,-95.01166829843835,387.25436629111977
177.94786830972018,-94.93280595093802,388.26116933900175
177.8597281951714,-94.85182021307533,389.2498699114701
177.78428901499737,-94.7970544472896,390.24578843541497
177.68161546589639,-94.70412017373695,391.23639862723525
177.5494465488318,-94.66886523917825,392.2300550650246
177.41977110678206,-94.60594921154478,393.22135106069896
177.56182155701495,-94.69063829733582,392.22852809668905
177.69964430889283,-94.74169622573143,391.23188889279743
177.88148598369668,-94.80139249594953,390.2463814593244
178.05446188850456,-94.88076386954572,389.26258896746737
178.22248742581473,-94.90722792105032,388.2753082966272
178.04005707811976,-94.86551123046168,389.25968638843443
177.88535200826317,-94.78137218724946,390.2421746631619
178.11772382041724,-94.84040880691005,389.27713262338114
178.33947573869636,-94.90379697197986,388.31144596638853
178.58229232128636,-94.97578542158529,387.3546804895246
178.7889104791452,-95.01766314526941,386.39102321028156
179.04462700801184,-95.08885304753841,385.442737407705
179.3318402322267,-95.15306593284711,384.50586268676716
179.58264497827048,-95.21319295636106,383.5653726639098
179.84424659234128,-95.27989997841898,382.62488253726957
180.1281260825372,-95.34112974836988,381.6946560075045
180.39739845325732,-95.42695824524712,380.76840388632445
180.65933018641323,-95.4971550017127,379.82827906246933
180.97064241285517,-95.56402859629597,378.95299385774103
181.26034501550282,-95.63504818725109,378.0579427446706
181.58989901269524,-95.69206735930489,377.18965483559157
181.85649696347502,-95.72310345670437,376.30928355174643
182.15825703921726,-95.78642170055282,375.45937757854705
182.48617608956397,-95.84023408083978,374.6404908743886
182.82818056643666,-95.88289930685058,373.8478828172043
182.55485026720356,-95.84640614118068,374.63467607832473
182.26571742574788,-95.80881774261022,375.38764446082206
182.56688183532347,-95.83810688027806,374.6560020653551
182.81641901940458,-95.86150664957721,373.9352865778556
183.0820752833042,-95.89680658736376,373.2464340937256
183.34525898544592,-95.91286774130062,372.57888014178076
183.6045874206557,-95.90749214031497,371.9286111446491
183.86362308588525,-95.92480606532165,371.28408050879926
184.12929845315264,-95.94999651892846,370.6401681649982
184.44326431887373,-95.94023688437477,370.02114783777836
184.547246164823,-95.91359522625766,369.3460581291568
184.79217775805145,-95.91284616372656,368.719028814158
185.0376720786427,-95.92472536715576,368.0953917843567
185.29415937047384,-95.96004839409476,367.4855955051281
185.5377456926677,-95.96631981621086,366.8767396410078
185.6978758441327,-95.96472383963541,366.23069562781717
185.8497121985089,-95.98679882567437,365.6095682812085
185.93791488537545,-96.02167760200182,364.9615257050398
186.03343287933964,-96.04177528961613,364.34325984282304
186.08598684191497,-96.07734151614153,363.6884837171096
186.06274947349496,-96.05527719841507,363.0661896874932
186.00113078197424,-96.08593821880949,362.45338796042915
185.95181441171152,-96.10830203405207,361.7981014623629
185.85782044054528,-96.10095878471873,361.18744538866054
185.72220230344092,-96.14616596099684,360.53699887578625
185.62446590227646,-96.17176046775778,359.9123214958852
185.44472693308293,-96.19967254940053,359.2982774761215
185.2708406747336,-96.23648051259494,358.63757701491477
185.01524622254036,-96.27779177735799,358.0457238665851
184.72600564620794,-96.32311964472673,357.41744720565646
184.41905415593914,-96.37464207304458,356.8363266458524
184.10201516730538,-96.40636453174226,356.2615631878027
183.73325382727032,-96.43286879271298,355.66503489087967
183.3589570389062,-96.45643986522333,355.1082217262571
182.96345538228636,-96.50817056822304,354.5248956056187
182.58044318461265,-96.5227672576509,353.9449585069133
182.16507399659258,-96.53710762833975,353.3719192353201
181.7063809480729,-96.5770990002474,352.79430215165945
181.25764050548256,-96.62189769198794,352.21216457210363
180.75603230928488,-96.6531448132724,351.6488626411086
180.25191435864372,-96.69328271950961,351.06919879154987
179.7264786744633,-96.73222060925525,350.49760575616455
179.20080191355547,-96.80376060561531,349.8907414717885
178.6636251953881,-96.87070218035997,349.2922276974653
178.06540052366887,-96.92319756165878,348.72026480721394
177.4811681549218,-96.99500817198177,348.1169020609185
176.84776062020094,-97.05569738578997,347.5366459847158
176.24720469947877,-97.117900976586,346.9010876514351
175.62605854740087,-97.19255191752276,346.2641381199202
175.01794616265084,-97.26394535127905,345.5910532623205
174.41978723185892,-97.29913742461355,344.89065616933874
173.79677485440922,-97.36539443315537,344.194973613916
173.15877256111628,-97.40786293281857,343.5043079716597
172.49368160396375,-97.46681561368605,342.8166267512993
171.78495164760847,-97.51169100632119,342.1557276498742
171.13204051662058,-97.57611335397704,341.43263568051304
170.43287313060316,-97.64078771985037,340.7311374718643
169.7635177893439,-97.69441506162931,339.99263741597713
169.08117142538535,-97.73804543202134,339.2542247580087
168.45355596604034,-97.78461586633179,338.45335839012
167.74121257199985,-97.84092846755995,337.7135617259523
167.01100650990162,-97.8837002275776,336.9848040557018
166.33598281935073,-97.94901281931438,336.19423928415443
165.64576749664968,-98.00204989260959,335.4179849847519
164.8922021082119,-98.01979964878248,334.68460664756134
164.19223597186144,-98.08482125912784,333.9069232321855
163.49901700327283,-98.14421104539122,333.116141002443
162.7889930439469,-98.20979591714122,332.3382391710371
162.09237345377247,-98.27745618464319,331.5401977207711
161.41974684466058,-98.34327830465922,330.7237575953141
160.81090131619447,-98.42289084830318,329.85983962663283
160.1056607098865,-98.47889733263672,329.0610752611583
159.43169539972712,-98.54881983205031,328.2333804075882
158.80299346313876,-98.6141579209779,327.3717761182614
159.42869369246722,-98.5377752929499,328.22848415214617
160.10871701299496,-98.49876394249591,329.05722052913114
160.76195316556752,-98.43861664599866,329.88848202016766
161.36456465048013,-98.37862260107606,330.7683012033787
161.89635622969465,-98.31114937172548,331.69763072116154
162.49165355485923,-98.25000058788457,332.58215648324347
163.0617751878549,-98.20201764777441,333.4882382724489
163.60272161186813,-98.14955593554804,334.40752358188143
164.14718604612986,-98.06606473156602,335.3177314141058
164.68053300842897,-97.99797872026905,336.24857647554626
165.2162483263976,-97.93589971310412,337.1778897931411
165.71253929041458,-97.87174922820488,338.13356017364174
165.308110632368,-97.9298071154543,337.1265576077449
165.8906441647301,-97.8476445042077,338.03919744975866
166.3819994988707,-97.77766174221361,339.0158078872598
165.8667990061428,-97.84437562312935,338.04866498996125
165.4423078354662,-97.9185082856499,337.0273480007801
164.9715802658408,-98.00823492971834,336.02460946049416
164.48480846260858,-98.0627477853405,335.02269788297104
164.01817744641576,-98.13017007742387,334.0083116077815
163.57019306200968,-98.20787923599163,332.9835294364753
163.119256873707,-98.3134428783633,331.95888479828255
162.603441166099,-98.40791411513187,330.9560821395185
162.13326018844663,-98.4891841833058,329.92482838259843
161.7058333015354,-98.55245290109885,328.8680890918582
161.23410309523032,-98.61172402404154,327.8250182106169
160.743698641215,-98.66731561000445,326.7755991112158
160.24300428650423,-98.74463156293496,325.73565879011693
159.7994064855324,-98.81321659079121,324.66209369636306
159.26651835670262,-98.88960853970991,323.6252004615174
158.74671927208271,-98.9553157540984,322.56930043261815
158.27974413604989,-99.04476746117547,321.48239561038577
157.8087467041118,-99.1351016409936,320.388675621035
157.29191609991128,-99.19901173988153,319.3059161386172
156.8215415226239,-99.27227568034503,318.2041924025266
156.37538896716904,-99.35137329125277,317.0808519364119
155.9122788408849,-99.44213083102682,315.9590995921165
155.44377666402343,-99.53787618118481,314.82964983196814
154.96177841941565,-99.60592415160014,313.7024540926428
154.56184332983497,-99.72118952174782,312.5396238860078
154.11774339381023,-99.8441124488585,311.3822184281676
153.62537011577,-99.92789679130142,310.2300399200213
153.2225482916577,-100.01052371235416,309.04314630154823
152.734723985949,-100.09130302781463,307.8862874075868
152.26338457787676,-100.17338491385829,306.7188916804413
151.71701594829295,-100.22681575878217,305.5743746253332
151.12044141398903,-100.30947687835403,304.45246945869025
150.60127775745866,-100.39488892730257,303.28485042493253
149.99739319363263,-100.48771567746437,302.15288662699726
149.38839385739374,-100.57741293954619,301.02726764187327
148.7810960974971,-100.66738160421876,299.89408529934116
148.17845553000836,-100.71418829239362,298.74466192356755
147.5327943589432,-100.80827000146846,297.61379609062124
146.92576215921966,-100.90346980971918,296.46398904539643
146.27267914410825,-101.01499666875182,295.33949286907205
145.64045154083396,-101.12633742782003,294.2151064989176
145.0191690452582,-101.26239021560117,293.08133562967987
144.36272133888193,-101.39647480294948,291.96318638246606
143.76876423197297,-101.50113954039303,290.7998751670176
143.09176152763487,-101.60462451845855,289.6711663894657
142.459157050075,-101.72759368313079,288.516367856632
141.76938581362032,-101.81115893747494,287.3838594831344
141.1158655787708,-101.91836106507722,286.22926916741386
140.40443377099632,-102.04688930990318,285.11471528947993
139.72550095342987,-102.14690794402681,283.97251697961065
139.03623687954658,-102.26486189527098,282.822809777368
138.3994200569441,-102.39213732875847,281.64000116306005
137.7282225314275,-102.4872040981097,280.4648755804258
137.02102508525564,-102.62123322048593,279.309298313689
136.30300775947958,-102.7218481197888,278.1522306682626
135.63912461112093,-102.83784223023446,276.96719542794636
134.81160392551894,-102.93360136884935,275.8836471729081
134.11455172084382,-103.04499967083798,274.71099274342237
133.43735759317917,-103.16856600337364,273.53067785461343
132.7172158761028,-103.29045599128268,272.3654884685573
131.9643408612546,-103.39269000462959,271.2199803006435
131.16017238834164,-103.54862419415424,270.10895498047927
130.53525534985283,-103.669221784806,268.88474309817326
129.93016984042814,-103.76856115024022,267.6464993025561
129.11730096237545,-103.8679184340586,266.51429609119805
128.38185315182488,-103.98335424889785,265.3332836492578
127.65824556882069,-104.10682630430385,264.1382657686913
126.93302095175156,-104.22828060543634,262.93783734376245
126.24102190578348,-104.3496640286452,261.7054422983954
125.51768008117728,-104.46720704101142,260.48405861252587
124.79319176018893,-104.57211625394885,259.24915653227487
124.07627192400003,-104.71539433864265,258.01540134347556
123.3486373278737,-104.83393617595164,256.77963067205127
122.60995162126416,-104.96950419775908,255.54489903406758
121.8734358371191,-105.0857865477107,254.30601599365588
121.13751294944043,-105.22976566339729,253.07138161041493
120.43006102028727,-105.35862110384156,251.8073916694497
119.71786534998202,-105.49632093820566,250.54272375926953
119.0119003519022,-105.6132566807232,249.26722641462945
118.28048444779216,-105.7375761403044,247.99388900997965
117.52966975925298,-105.86985489182706,246.73693313286807
116.74743941711039,-106.00808634934876,245.48815606369888
115.98236557693231,-106.13417062218686,244.24519018507672
115.19931919430131,-106.26755120324535,243.00111096369693
114.37946655161585,-106.39529385875684,241.78308804528962
113.66163989894832,-106.52337295712879,240.4974674718138
112.91210652745994,-106.66282895524482,239.23060216796512
112.12021633678455,-106.79820737147224,237.99834963719852
111.33569869473683,-106.94470844014714,236.75385445503912
110.56233930308163,-107.06588646530594,235.5061779813785
109.78431525251978,-107.19165416666777,234.25437593526001
108.9366595592299,-107.33778997498612,233.05275825903797
108.21480150283817,-107.48690626158266,231.7772331267517
107.42257125333666,-107.6341791746508,230.5321311642622
106.67966352119178,-107.78811915851708,229.26894313888852
105.95129367224942,-107.94967036399599,228.00598481087889
105.17771504411024,-108.09477637378541,226.76460671975184
104.42345166853659,-108.2370871305652,225.51450676595059
103.66837323506996,-108.40791643536058,224.26321335852543
102.9732985897433,-108.54819665512748,222.97584542029216
102.28690047403519,-108.70932156312429,221.69531512038654
101.56463270337304,-108.84760563038938,220.42937664865408
100.82125413386798,-108.96446729593471,219.17161673252127
100.11138411891157,-109.09420379897232,217.89351292854238
99.4545643606192,-109.22838914629425,216.58584241759488
98.75906133544926,-109.37657159273792,215.30333634903639
98.04583543585214,-109.4755631106681,214.02431760593575
97.26688144432529,-109.58480814194215,212.7887627924551
96.5610863031719,-109.73491480089048,211.51840020317889
95.8491906281128,-109.8753346175898,210.2560326596579
95.15742844005966,-110.00526497295921,208.9755252893326
94.40502619930837,-110.15189613856833,207.73722699353087
93.74310579303153,-110.32370092645127,206.4526072165234
93.11926082551598,-110.45848194428373,205.14424846267852
92.46596853060554,-110.60485200335361,203.84873738772222
91.8208195382248,-110.73418983513889,202.5477132168095
91.13528395748897,-110.8619343234315,201.2695365510544
90.46701968247358,-111.00225849798963,199.97691369399914
89.85495349472053,-111.15957546510163,198.67450721957877
89.17943266327417,-111.30436746856773,197.40061296175585
88.58666100811598,-111.45914267376443,196.0791443737757
87.97037917548698,-111.61802378155467,194.7680355985558
87.42060826441876,-111.74351508760566,193.42485433447794
86.84496209350539,-111.87174476576939,192.11058776485072
86.26872819711642,-112.03232945243434,190.79864363175776
85.63692743971369,-112.20420334572631,189.51401369043074
85.05674264500345,-112.35264459753265,188.19716847086045
84.54675102051054,-112.47803878754475,186.85282950859713
83.95505632304042,-112.63266292354817,185.54175255359
83.39056907985277,-112.77078699572152,184.2225533937098
82.84246750962798,-112.91983535798592,182.89490075004719
82.3303576624747,-113.05676500936005,181.55970815723066
81.7732282676738,-113.18408844418055,180.23394351860313
81.22302090149854,-113.30148851707744,178.9007913258486
80.65086319504466,-113.42922434000472,177.5750887513141
80.10911104150854,-113.56944182160358,176.23911242761034
79.59840455991491,-113.70597000641737,174.89045530606845
79.04381417262242,-113.8371897060002,173.55121173687985
78.5481768900279,-113.98390009589397,172.19387980369606
78.01316057941892,-114.10510340680779,170.84695797447552
77.41967723864354,-114.23269651186087,169.52595657259704
76.92237701499656,-114.36781946693776,168.1644995389023
76.35124134008379,-114.50784675497248,166.83564495953271
75.80603913289717,-114.61888180623409,165.49526298125375
75.29611768824383,-114.76815502259883,164.14151065325623
74.79100896723443,-114.8725569807513,162.7876498140504
74.24618756232866,-114.98507601204827,161.43871102598314
73.74437837486526,-115.11678378512535,160.08524060461284
73.16020298497706,-115.28214900293355,158.77080906883316
72.63857509921107,-115.41440799538994,157.4313715575372
72.12379316063664,-115.55425828389059,156.08396673392824
71.65298465257915,-115.67294105158956,154.72099767177463
71.08512440743752,-115.80577112247866,153.39425272188555
70.55929255791239,-115.97036094891934,152.0432083412477
69.99720100403808,-116.10920878392663,150.70769046059394
69.49157874253152,-116.23762885560156,149.34338831800824
68.94007054993462,-116.36719797823328,148.01100066538652
68.39009855173951,-116.4754524588322,146.682360091141
67.84827865202378,-116.59966221679477,145.35371150038313
67.38700146770995,-116.7512371664877,143.9944655048926
66.83106951900918,-116.87541077962388,142.67167833673616
66.26431124426935,-116.9956268042125,141.35742304004262
65.65853469847228,-117.15377313888925,140.0710391263316
65.04236994227065,-117.29815843643159,138.78518516336788
64.45370539556473,-117.41512644591197,137.49072279809857
63.841106682157545,-117.52869484673793,136.19836510433626
63.17071514463035,-117.64322044048389,134.9412888131061
62.538035195946215,-117.74751659497325,133.66796181234756
61.840276501089605,-117.87645792540657,132.4280243667371
61.261548306483185,-118.00910247960422,131.12751044039518
60.59952681972779,-118.14671644362151,129.86825039243783
59.916748464138124,-118.26424268837853,128.62389493325713
59.192124754176085,-118.39209996394399,127.3986866066978
58.49381946569257,-118.533325610788,126.15282050291029
57.72560673810241,-118.66291638829009,124.95355914461894
57.001450009820495,-118.80068987146404,123.72472681627667
56.23414763499588,-118.94491677408404,122.52871607547124
55.483581447458455,-119.08994292292493,121.32647274749844
54.70178382246543,-119.23761057331889,120.15066077845053
53.916042964616736,-119.34570715210297,118.9752093873496
53.12209482052972,-119.47528506475238,117.80878732413218
52.32974020473536,-119.61309526521656,116.63459540218433
51.5252085609676,-119.77446792184473,115.47658442602996
50.715497429872926,-119.91054075090723,114.3200290396311
49.90854899537768,-120.04672266697322,113.15335690159415
49.08663589212054,-120.17538890733834,111.99290369125826
48.24223911254908,-120.31306940381835,110.84378579911738
47.36976102461474,-120.47134239984258,109.71779421680878
46.5087678044484,-120.61743604245956,108.5837064013577
45.672796143169236,-120.74776552312376,107.43245696959443
44.825036268977094,-120.8884603107818,106.28492084819666
43.94272621261139,-121.023222087767,105.15654820588375
43.083856533805275,-121.18020026406187,104.01922498202681
42.17949401911214,-121.33048419110868,102.91787472536305
41.25761009988448,-121.47757724832127,101.8255711734704
40.32335960767969,-121.59585126433208,100.75186699135992
39.39617911443275,-121.73196900461792,99.66251835956572
38.4891257270869,-121.8791165545001,98.55656435355093
37.568273510749556,-122.00655123463707,97.45822531108502
36.64329086575123,-122.16264093166744,96.35701149453021
35.72939396585635,-122.25126206194022,95.24071922754717
34.81105713804155,-122.40749227927706,94.1363115075833
33.89291808694462,-122.53615983952862,93.02001717337134
32.96116612312274,-122.67786522202702,91.90925831848851
32.05942172212153,-122.82918734037631,90.77030237736068
31.12773048155991,-122.94900455207316,89.65661490036956
30.171568935243496,-123.09279580034858,88.56042635743124
29.27029690935446,-123.1981590986248,87.41970054567491
28.325981124601903,-123.30739424397714,86.30405744589203
27.36936815747581,-123.43900172924148,85.19992437407797
26.44093326116603,-123.56065781132045,84.07633528240444
25.526487112239998,-123.68552730675101,82.94623055379894
24.628297472062037,-123.80751324666976,81.79951456263481
23.70955947610531,-123.93810418888067,80.66107229835428
22.789267373905986,-124.05131889288684,79.52259753425254
21.84886642280412,-124.15485075767559,78.39383776846194
20.918418881173487,-124.27486014732435,77.25943061837272
19.97410632084843,-124.40636337662205,76.14300580776496
19.034699935890334,-124.52496556997515,75.01257992532257
18.083716118375335,-124.63435885924292,73.89177568122474
17.154686737372444,-124.76489691794299,72.75023886566025
16.196193971692495,-124.87704633889582,71.62978620252672
15.255015474648346,-125.02033405229534,70.50120443722506
14.265250252100369,-125.13281477327395,69.40388382008366
13.261097456305404,-125.2324233459951,68.30700922376852
12.35827725403722,-125.33440570440715,67.12241548330512
11.404849787467581,-125.44670272903514,65.9729415544058
10.428165680052029,-125.5628952303707,64.83166830510082
9.431598331214936,-125.70135603809588,63.721162903869114
8.50351933416044,-125.7824789564801,62.55339565227184
7.5328221309237104,-125.91388200711353,61.42341078233175
6.571982114518255,-126.03169471701236,60.27172983058809
5.585649842759982,-126.14479696287765,59.12679010842222
4.571601500639221,-126.3174856152782,58.02566757369953
3.6391323528381285,-126.4213152111989,56.86856401457659
2.667610367529488,-126.55630541289332,55.75641508439307
1.6800001978101022,-126.67473115833661,54.64294040468682
0.7022133432676669,-126.78904928169766,53.509593866559975
-0.24742886087997884,-126.90475494477104,52.36096335901707
-1.2256481160448085,-127.03870041199845,51.2393350347782
-2.207957613459312,-127.1387507587959,50.12276613347571
-3.183284471816994,-127.26827945749451,48.98909653814404
-4.103448692384257,-127.40748443777484,47.8023998707564
-5.089982987002431,-127.54586633909761,46.66921128459239
-6.081080860415193,-127.69443407832155,45.552524834292896
-7.019178261784188,-127.83340403105758,44.39241492346108
-7.974798614866055,-127.95632614636558,43.25687635607344
-8.92345414289783,-128.08929219176028,42.11517845156115
-9.873199006674737,-128.21742940507616,40.972384840249845
-10.918638613238139,-128.37175180836593,39.91572173322504
-11.871851239294005,-128.50704344104324,38.77477275974547
-12.816583217504705,-128.64615005878102,37.635618827517
-13.776483406362818,-128.79020408240615,36.50024119836604
-14.750072819533678,-128.9102618570025,35.38336437497838
-15.69491877604527,-129.05400582935877,34.24457635383493
-16.6533573857059,-129.17234474945536,33.11335787991485
-17.611117780762694,-129.24324384505317,31.97884729858343
-18.562344182227093,-129.34995362354823,30.84179044280553
-19.515553319411826,-129.49592949529634,29.70946536444691
-20.480435016166098,-129.6189208975372,28.587721149055394
-21.42859154126783,-129.7353218382166,27.457685415621775
-22.38516500884374,-129.8495125573785,26.329765609158578
-23.34938996299763,-129.95729998291617,25.20079203682537
-24.275372195559864,-130.09050625218194,24.047761979885284
-25.196262905618966,-130.2108085846525,22.894206270074143
-26.170061025104943,-130.33847527226138,21.76446526778005
-27.08920370698547,-130.46705166827033,20.594978204161677
-28.05254486696666,-130.60155894500934,19.453420723167287
-29.0169279380794,-130.72216736568294,18.32368204333124
-29.975228729902305,-130.86638891192476,17.167959959039298
-30.929070549336874,-130.98341879407002,16.022932908796946
-31.89650084524061,-131.1351676966085,14.877349548083773
-32.836498905652554,-131.29571660772032,13.725994427372749
-33.776574647142674,-131.41861775657887,12.569073811156166
-34.71581801794478,-131.55829017701677,11.420729328682713
-35.65258863361574,-131.70131099500503,10.275561422229558
-36.61616950937864,-131.8395284841548,9.151827711845266
-37.54371553537836,-131.9492140770288,7.983607026851245
-38.494596647006155,-132.0673748876572,6.830988719498356
-39.42958917343572,-132.19538208707044,5.676983418648208
-40.35042921517276,-132.3076829055802,4.509903541741963
-41.30244560117302,-132.41414897905145,3.3770389735248325
-42.28781882514859,-132.51644869252334,2.2784642972485862
-43.098658157876514,-132.62704032651112,1.0492287058267673
-44.02065324774298,-132.70539510468407,-0.10360638074784823
-44.966990613032706,-132.83874335323705,-1.215353519495794
-45.82377500464655,-132.95324722496292,-2.3985986998669606
-46.66003799405339,-133.02054490519942,-3.59891674849742
-47.56755537749905,-133.0966157181906,-4.7529287568433904
-48.525329622552206,-133.1908847445265,-5.883295962593996
-49.455426516759,-133.2830194536225,-7.016689563620391
-50.329477680230625,-133.35615957880123,-8.18332589630665
-51.25971515941967,-133.44733232494573,-9.271387550980869
-52.171784298447875,-133.5287533277153,-10.360862413525325
-53.085747579323915,-133.60492322665775,-11.438482291469912
-53.99156159571742,-133.67790591725245,-12.507993654227477
-54.88504622208631,-133.78051649621688,-13.558689573440518
-55.71954686894304,-133.87452227747792,-14.630916362903044
-56.607392058311,-133.97364980896333,-15.64119354925672
-57.42923306786278,-134.06641111807483,-16.685951995125787
-58.21378012416559,-134.15861262656583,-17.73887805298289
-58.973770348662285,-134.2587202784403,-18.77740536877895
-59.78416421140206,-134.35824351133476,-19.75854878539696
-60.57531854056438,-134.45132533078072,-20.747726588921324
-61.269560815790285,-134.49935073921472,-21.762513413399176
-61.944339887318414,-134.58144568349795,-22.767037959667064
-62.6755760300159,-134.64972970277782,-23.721806787459336
-63.38196360902034,-134.7369766710937,-24.664695646812262
-64.08788355058365,-134.80880413150675,-25.565381673432977
-64.7342187706574,-134.86899169131243,-26.45862391439608
-65.3600813836232,-134.90526606708463,-27.335921309683975
-65.9839485986924,-134.9391993361757,-28.18248558705135
-66.59819375217177,-134.97453878312317,-29.00078220243327
-67.19326187700308,-134.98621864442717,-29.782166478887966
-67.78084752486068,-134.9952818768074,-30.524680953423353
-68.33686128378493,-134.99415039741427,-31.24339510060377
-68.90524005387064,-134.97691315852376,-31.920032668153965
-69.44968588228569,-134.97748700772198,-32.56848603544225
-70.00826618628021,-134.96530330300862,-33.16386783654539
-70.54687923007131,-134.96029885362591,-33.74103924767768
-71.0917470289453,-134.9447978658674,-34.27157259088025
-71.64804238282426,-134.92592242032572,-34.75073222845134
-72.2061540702214,-134.9294477133051,-35.18595357462372
-72.72934312810052,-134.91874113132974,-35.614520546644364
-73.22173036615231,-134.89790188688897,-36.03598774524332
-73.69991803326398,-134.8394408736113,-36.42789888585792
-74.22972495094064,-134.81208297373152,-36.71316236143288
-74.7687008838978,-134.77706864202213,-36.97152080776838
-75.30899209691681,-134.75842867304272,-37.20278769824747
-75.85886280948293,-134.71465499585844,-37.38920601733598
-76.38579108135748,-134.7180551106846,-37.60734486673802
-76.9399634153852,-134.72440394529423,-37.71962483457892
-77.48044660961378,-134.68636627173413,-37.800034520951804
-78.01958713751827,-134.69056681580602,-37.859345189506016
-78.55290505182502,-134.6599313323623,-37.878148523190724
-79.07849360557012,-134.67052024050903,-37.864651284495835
-79.58337640186409,-134.6517927428757,-37.82345743429018
-80.08984644552822,-134.64993798818725,-37.862377058593125
-80.56952531026111,-134.67784481634612,-37.69501683699114
-81.0685730692226,-134.66491156179345,-37.62497447525067
-81.56115801803874,-134.6746005505091,-37.499421251482985
-82.02932729387554,-134.67883317717175,-37.309266705131954
-82.4958592454168,-134.6624094731681,-37.1110807550954
-82.94850089476213,-134.57887648831755,-36.86895579353037
-83.43255823794027,-134.6041032492205,-36.68033240023393
-83.88186794231254,-134.61313452740703,-36.39770138569163
-84.30222076142434,-134.60817153671238,-36.06265283896129
-84.71251241728928,-134.60928568274497,-35.704424827836796
-85.12515924918931,-134.61339313438924,-35.33573141038288
-85.51446089210619,-134.52640418780044,-34.94404086053061
-85.86090200037309,-134.5171367768979,-34.498079051961824
-86.24228731851876,-134.51628785363656,-34.063945285436795
-86.5655827525892,-134.49686026346427,-33.57850164174653
-86.86841360152009,-134.46091267174242,-33.069439881511904
-87.17897442450547,-134.47298514150367,-32.54607688000292
-87.46416353275835,-134.45641325340543,-32.00305965453141
-87.73630789090215,-134.44824387132513,-31.436893798941465
-88.00509391299488,-134.45037780403305,-30.862669646844264
-88.23274201026346,-134.45084584336584,-30.249069467611765
-88.44406944385051,-134.45562346347714,-29.623444546203125
-88.63132870289827,-134.45516678340053,-28.97709947170099
-88.82546033386915,-134.45317869536086,-28.324559485849154
-88.97538060225702,-134.42473130786317,-27.646652134961112
-89.13720319313394,-134.42833305825832,-26.95900899801801
-89.2904434372361,-134.43757090117305,-26.25795191933057
-89.47949490415328,-134.46853737987396,-25.554484184335347
-89.64854661874664,-134.46840367026883,-24.83908156752104
-89.8190124037314,-134.4736911934962,-24.10981769299233
-89.98179576328391,-134.48195388900325,-23.37039861653519
-90.15803589150902,-134.49191174532606,-22.622577743738347
-90.31882448630604,-134.51493823059073,-21.8683392764029
-90.48879319755693,-134.53681785051344,-21.10374169534949
-90.64767226609224,-134.5464191063895,-20.325999813777
-90.80384634751378,-134.55256971682383,-19.536655415919263
-90.98655054822427,-134.5801289322596,-18.743331433052063
-91.12906890705993,-134.59339397336666,-17.933077722533447
-91.33417620300695,-134.57413479745804,-17.127771252343624
-91.49123278334696,-134.57543250411234,-16.297387464791562
-91.64697376007857,-134.58182441689183,-15.457709988588547
-91.8011814135547,-134.62288002048368,-14.613750353483253
-91.96462625938315,-134.64900199577906,-13.765046392862857
-92.15171243639978,-134.6532058806165,-12.927401564363603
-92.31271767325747,-134.66541616932201,-12.091068963445107
-92.49642253892213,-134.69187999587137,-11.269684317371503
-92.61977876411976,-134.66389659484747,-10.440642766014097
-92.7382507202919,-134.64639152702983,-9.620297015426326
-92.86641057466991,-134.64287313879134,-8.808691763511348
-93.01112331534253,-134.6505210139509,-8.01077980422149
-93.10108403141776,-134.60517299765573,-7.21706273996364
-93.26230237607267,-134.61867765975913,-6.443368662786353
-93.4127981338354,-134.64399986611204,-5.679803163675389
-93.57195085757147,-134.6584670887551,-4.926945473229765
-93.72320594365374,-134.675072959949,-4.17644702777211
-93.8953211045549,-134.6967326417183,-3.4335657682208938
-94.0502374775701,-134.69212336233022,-2.6969932701297976
-94.20486170145932,-134.6951853106193,-1.9750977935214422
-94.3720630780529,-134.6890031057409,-1.267030727175129
-94.56240693856432,-134.70232669392783,-0.5672706522590036
-94.70174875935264,-134.7067023773436,0.14153670231262205
-94.86076218585502,-134.71433243295203,0.8378625442936818
-95.01737881155834,-134.71298104519516,1.5302184291148533
-95.178178371555,-134.70690734599916,2.2116412299930097
-95.05832054385397,-134.7138846973178,1.5221098651742437
-95.27698646775073,-134.736197221729,2.193247418693456
-95.08136490888162,-134.72853121571126,1.5077944759444049
-95.25402005406573,-134.71306502314175,2.2045579612820263
-95.53849841537298,-134.73731471924344,2.867852656020263
-95.3053941091343,-134.72897947278014,2.1867202799718526
-95.06946959319612,-134.73300414821477,1.5049821317566037
-94.87838646177238,-134.75368604792382,0.8111116794762825
-94.66922108164542,-134.77494791562825,0.11918810239277677
-94.91222309243571,-134.77836277018247,0.8094577983104092
